22705661270101191056351697361395356785951997528679790526038143927949
19759859472702975151361013865626468043593760970428203182555508615194976265656165565372987878485538901877859021757747506780591108578935101883740398978320294572862162978807708878365988324636169569281533716609991879540098288143624933465708583685209574074853612857224743147668741644270036637951920185661224182982770690211772227037960818996162771382753607770540575230051408012134092431855374692871153655796958170573941479731907520401968482059394674990381686227031014155318655566571661949035399109030429879964551471271312857268274798531603946757319985171581785437534550064505489913171456307184136984582169077408510159505409
16770500606060881714121452520003333564701584366460351563296555192300186073588850601702412502911895155014265829499227101484150748174135586034928926690481831920861126407598545575945941714916209163790794603044125714196408673823572500061084278761880684720112998711321841878539002828013148750449201578577674148071453246484441897477553970464738448568549045927804467069053979235699810508251267274446074104874709355541560664193407813061351523035215062274789679574130482268319174944069521344660434378429169887103905864716083289002566727821432514378858740885323819338766864113238008139782373631597993863444791593701979769175642
6416369793780961015408527263083762356697672292069141968182846520257530672066457934404284326038677523022238130643733170199717076874542197727190487802164723963182284168522700941031062859083444165678841577537205754213561467937893818414374305134638364680619391686516155018284709935337909483594045968310947457383558948666735673680123876160002007783874452745379569086835452300285245924127505946259480190947784416784082611813557589733774559879362520255557132637994234733008993389993643192529337781479729465625029190301038535068559408095561559286596049804096812347556443950029359268759226128924045640487014152231831176305682
vGrv5iFlbCBFNOgmBjMtpsiaOclRz3AwzKsbVRJN9wVGFYGW2WmQzCudiH7YFjS1on43XkMtECqOxSF2O3GYRdo1XKXWNqRs7rpEmoK
8532654366405591766936066197871196947086468574342741114249590472573
6603766285851603237827237481951649086191721096518037026229986978115
osjOrU1xxDO0CzUZREN68k4tUNpfZ46pdJQIPvjiQvlb5lZXOIgfFwD3HJoKyrbmEYYmdhQj38AruHr4iwRxpVHSbKdA9u4uQgwLg6G3oT1ogmMJXwKi9x7h6AmUfBH7X41zTPDP4k8FFuf0EwixIIqe8jKQh3mb9N7iwusMtTZqpXc5hcHPOEVBljOlOAEtoDOE5C3VEgPRqfNiIu74kkePyezaMGGqbWbad3uDrppGDZuVz3GPMMicIbLRdP37Ecz32jGDpi1AF7w2PKafeN3Z5DKYAYQ7yydSbs9uyjqtfJMSN9DlviDvUDDleg62hKD9gF2LEmEr3PZH84kPlmCnFaqlkhU7QNqtUPQZIqpTdU7w7EAdnkGEiNgQI7W4E4PXSKc1itTnzphAq0jT7qG84IQH4GvjJRSmNtVNro2QgfQ562DFob1RCAVxIoQKvcjtbjAHE84s5JiC1XljJbICTX57y3C5WNrPqGWxj43anvJ77P3KzzL4a
21130553870823047258808213543452584237707887809063860823802873877564
14662606297598658976915663660458544285689490567600073156522831967863
KysGY3C2eOM06dWT0y3OOBqMZVR3E9xRWpgZr1iV8BH4QLl9QCGmbWuyUbmgHY5kMQCtbAh7ziru8vvqMXbE8q6VnUq2Hu5TgTqaUZsSjIMaq8Yrv5LnkTZj1ATSNbylmpUdccrNgey59yvKqFSgqonVF08wPrTOzMJBCPen
21708588982258545699346954322307148231038704482562370503840202915264
6413736048707325376298958413166270151476908845307878901542635149938
MtsYfZPJpsA5w3x4GxbOLz9shdDjP62HdIzdqhjmU8w5cn0u5gb16jc5Kv3ecQwP1oRxxhfoPRcEtSPRVU5iFIJOYsJtNEaaVidaDN1aY5xl8sB24wkYeA8WTwY2591aivvizm5OfORbfBYVqrzZuK1d6IniB6ZlkqBFpbI3dLDQYUNdUVw4YRw81aQ1FeBviD8WOpEx9pCwB8PM1BnJPIeqHk8NdsQxXKmm9vtHx0K9TGlB7Tkr69YZ8tMEls1oPGsxT2rmzHykyCWibqXEgpVA2a0fGb9Xo51dtJbLuh9pRnz6ixedb0ulRU2P17FR4cPwdk
21011755633163120354719494607307429595351051105910003144173173860617
1758808303524183607117287113183627999011242098407276995179172796572
R4ms4RjAh8MFPuafjwPseptfcyBFSOZsPTqlXejhWbvjVWsdRTQOHuMUHvi8wsLMNveRulwhmSG1MSOXLTAtiIRCDjSs8Io3wfG3AkSeecVL9DQ83eH0EZfEkorDJJzk8TFPHjwammynOxhYc6cT3lbTknDn9vG8wNoNQqFKPLjEKAacsmeSCOStSs3dErO7Qyyolqz7MbHiOp
20610374583274779497795076145393531809872443892031008430668218691396
477196581995476407821023475648335145052432545244352993361173754907
yTmv0k6ScHdsTsZ8RgifcFmC4bvUmQBFO9r13kl8Bwr0RkCwwLehpc6RLlbo0fFeWaVUqG2KVasfSq8Z0wjCdFUQUHxZ3g0Aq3idaDMhXnwfocwDNRjI
3742503102120640298704558406517713873727256620059484046472170635335
8599976662271173957960805156824286777093130404948488941138034781215
omzPtKTjAjaFO16Hd8Hp1Jf7tSgtRa1eePdjJYM6mgv4I3
1155986187277709383411945492538683955875460721441785526141846396007
82193255152924621277894316035395231334915705499135263322630493015
ygR0ASuT1llqf3JcieWVjwiYd7U3MsPkYO2xaCUvet6zYYqy0pJf9CIg9lV3G32cGh6dAuJa3pJEeyQVnsZpF2V2r2iY9Uot4wf3iCnEPor6SOvFbGwot3GcKsT5BCUyDSWXbJPhakryLKLFn3YnrPf6lJOdoQdQqA5zd5SriKEc8WlTo9bsQd2TMY2eGPYkWkSsSB1qZRAk3rxvD6mvf155SxzOmzWOoMnQrwuxqr1IoG5opCTycClXuIF6SUvaLMIyi4Xhg6R1KQ608e9zSv3VzHd9EJw9O3rurZ92zjXFyZAQiHdXrvrQlY0o8XGrOeBn48jU6nOpEo0d6sTpaHIC8CTfHGP4iIYdXq8vs8ialvuJ4apG1fna88RCsXNcc8P2XGrXi5pWDZRM9H820dFqNpomBDyVPIykNE1wjNlN03OVxJy5mAR2JIiQzLHq3BIAWyyPlUBLQDIvahHvEecxXglGcgO8nCuy63qhTdp9BDe2ZbrGft6cE5FUmJ
20566299458675381302362644061248782187970433364974649081334582479742
8947077536978617652901788685886625484208496016920801198388922543133
UYmhSdgmbGysH2pp4xju3Nbc4OaV0dZauGUbUqQX9Jr7eEF1FFbGvvXzIjDl9jjVqHaW3q8wb36uD9SmTWGkgNJqeO2GW2jXHwRkOzb2jx0nnrpjBm7q1sRBLRswT6VWAL3JkqZEJvoBFvhNYadVKXTuUx8kmF4DJKwnDrFRcqbfmcaRNwgHWbHSrrlfhqTCOZmDANT8NxIwQSUHAfvbLIYitOgj1qzWEZ3vCbBd6E3UkbkZtoaSHZB9UKz8nd1s6XFb2GPblZhFZ3TvVOVxKEgoHhgM5xWWu90p0JPGJQMLmJwwpEL8xofdwkwlcr74kponU3oUJcEecoTyRlDWgETdcCDX1SEp32FnmgYdlj9yv5Cc6zkpMUmegJ9DcGz51VtFgpLCPtcc
5356713778953215754389648937747126413601646544730573765861523754706
12439604115659241672938911194350057351402815574502034287250275499460
yopVEVGjrYSQu2q96m3JVFlqJ6WT9psqZImt8FTjYpyV0Iqs18vr6hFpqb
20359903017553782807473915703849475432889349795167359880577730022941
8190766393608028386914298052314058331044136718496119665044408301116
